,Run,Episode,Return,Stage
0,0,0,-180922.2635744999,Training
1,0,1,-193600.3034842499,Training
2,0,2,-206590.26615975078,Training
3,0,0,-47014.592751000135,Validation
4,0,1,5917.606511999996,Validation
5,0,2,-194.51390625,Validation
6,1,0,-204344.65513575077,Training
7,1,1,-187549.89753075107,Training
8,1,2,-193460.86716900003,Training
9,1,0,34980.57934125002,Validation
10,1,1,213.08791499999998,Validation
11,1,2,-246.62389050000002,Validation
12,2,0,-191549.58862950004,Training
13,2,1,-195272.74751849967,Training
14,2,2,-196062.81761400073,Training
15,2,0,181.983348,Validation
16,2,1,-65.37343125,Validation
17,2,2,-12765.497449499984,Validation
