1.907420012729080554e+02,1.780577741304823007e+02,1.742093846708190199e+02,1.636844683238521156e+02
2.374259694848919082e+02,2.320105035274592638e+02,2.298875177451492391e+02,2.413713526187491141e+02
2.170263339198847916e+02,2.156611554702200237e+02,1.980046341696483694e+02,2.487541542373065226e+02
2.921251781006930059e+02,2.793606030832168017e+02,2.895124542216884151e+02,3.122651813176248652e+02
2.615087865711614654e+02,2.557098043260085092e+02,2.581685554650616723e+02,2.981274349316879579e+02
3.448253050971530911e+02,3.354773493281800825e+02,3.454436470040636777e+02,3.987673048035582042e+02
3.079716872396927556e+02,3.079868746486428677e+02,3.096116297312911456e+02,3.354377327620524056e+02
3.716764269299671923e+02,3.775604239311659853e+02,4.128683748927135184e+02,4.741404331739594795e+02
3.668011492255850499e+02,3.718504671979572436e+02,3.661238670310320913e+02,3.915122389765765547e+02
3.872676318716310675e+02,4.099258063406017527e+02,4.167938928737104334e+02,4.820910251057539995e+02
