5.956938577754669950e+02,5.982443627210401473e+02,5.702655686265561599e+02,5.719363576788141472e+02
6.311641737706801223e+02,5.866090433213730648e+02,5.759986649683978612e+02,5.651563500593572371e+02
5.695537755856976219e+02,5.955856806364881777e+02,5.873194615533257092e+02,5.728792710468578662e+02
6.041147861850333811e+02,5.552216686372302092e+02,5.665182434076377831e+02,5.807531484291848756e+02
5.612820351432078496e+02,5.549519251235278716e+02,5.686814741206437702e+02,5.854666539864999777e+02
5.595520876501586827e+02,5.485402785124181264e+02,5.190682546095501948e+02,5.714554681200766026e+02
5.276446080097191498e+02,4.902147854185902247e+02,4.813432281990201318e+02,5.786066613951195450e+02
5.286447982944459909e+02,5.058998592956656353e+02,5.110434542054217673e+02,5.671106395703604903e+02
4.730961746602312701e+02,4.714975139618724143e+02,4.733678424863715009e+02,5.348713745361465044e+02
4.456152725550701348e+02,4.508265078258177709e+02,4.741842398251943678e+02,5.367274388662792717e+02
