9.968245822391625097e+02,1.002945945207759678e+03,1.013885907395672916e+03,9.931781687835750745e+02
1.218218198083889320e+03,1.124567108609664501e+03,1.138142253203930295e+03,1.136032586858880450e+03
1.110231641778128051e+03,1.103944779602444214e+03,1.065434874529870967e+03,1.118976877609442226e+03
1.151982085596725483e+03,1.193123554929959255e+03,1.166094725278939222e+03,1.243595082175485459e+03
1.181708938385735564e+03,1.108536809928102684e+03,1.112037186404478234e+03,1.280825542927312881e+03
1.220918447853521002e+03,1.204433245325220923e+03,1.216188763154545995e+03,1.399846250964107185e+03
1.205738409278597828e+03,1.154415485506645382e+03,1.329549301279454539e+03,1.373464839237268734e+03
1.228432223002547744e+03,1.256605435450381719e+03,1.248717986264871115e+03,1.397128814879083848e+03
1.200930185558369658e+03,1.258176312231958718e+03,1.372575942254233723e+03,1.450587331063862393e+03
1.295469819230553185e+03,1.207473945800083129e+03,1.406217465277621159e+03,1.694251582054636856e+03
